Solution found!
Grid( (8), (7), (6), (5), (4), (3), (2), (1), ( ), )
Grid( (8), (7), (6), (5), (4), ( ), (2), (1), (3), )
Grid( (8), (7), (6), (5), ( ), (4), (2), (1), (3), )
Grid( (8), ( ), (6), (5), (7), (4), (2), (1), (3), )
Grid( ( ), (8), (6), (5), (7), (4), (2), (1), (3), )
Grid( (5), (8), (6), ( ), (7), (4), (2), (1), (3), )
Grid( (5), (8), (6), (2), (7), (4), ( ), (1), (3), )
Grid( (5), (8), (6), (2), (7), (4), (1), ( ), (3), )
Grid( (5), (8), (6), (2), ( ), (4), (1), (7), (3), )
Grid( (5), ( ), (6), (2), (8), (4), (1), (7), (3), )
Grid( ( ), (5), (6), (2), (8), (4), (1), (7), (3), )
Grid( (2), (5), (6), ( ), (8), (4), (1), (7), (3), )
Grid( (2), (5), (6), (1), (8), (4), ( ), (7), (3), )
Grid( (2), (5), (6), (1), (8), (4), (7), ( ), (3), )
Grid( (2), (5), (6), (1), ( ), (4), (7), (8), (3), )
Grid( (2), ( ), (6), (1), (5), (4), (7), (8), (3), )
Grid( (2), (6), ( ), (1), (5), (4), (7), (8), (3), )
Grid( (2), (6), (4), (1), (5), ( ), (7), (8), (3), )
Grid( (2), (6), (4), (1), (5), (3), (7), (8), ( ), )
Grid( (2), (6), (4), (1), (5), (3), (7), ( ), (8), )
Grid( (2), (6), (4), (1), ( ), (3), (7), (5), (8), )
Grid( (2), ( ), (4), (1), (6), (3), (7), (5), (8), )
Grid( (2), (4), ( ), (1), (6), (3), (7), (5), (8), )
Grid( (2), (4), (3), (1), (6), ( ), (7), (5), (8), )
Grid( (2), (4), (3), (1), ( ), (6), (7), (5), (8), )
Grid( (2), ( ), (3), (1), (4), (6), (7), (5), (8), )
Grid( ( ), (2), (3), (1), (4), (6), (7), (5), (8), )
Grid( (1), (2), (3), ( ), (4), (6), (7), (5), (8), )
Grid( (1), (2), (3), (4), ( ), (6), (7), (5), (8), )
Grid( (1), (2), (3), (4), (5), (6), (7), ( ), (8), )
Grid( (1), (2), (3), (4), (5), (6), (7), (8), ( ), )
30 Moves
Nodes expanded: 181424
Nodes unexpanded: 16

No solution found
